0000	__MONSTER__
0001	마구니 잡부
0002	마구니 정탐꾼
0003	마구니 첨병
0004	마구니 약탈자
0005	난폭한 작은 마구니
0006	마구니 호위병사
0007	마구니 호위궁수
0008	우두머리 마구니 정탐꾼
0009	마구니 자폭병
0010	마구니군 시체청소부
0011	마구니군 병사
0012	마구니군 보병
0013	마구니군 투척병
0014	난폭한 마구니군 병사
0015	마구니군 돌격대 병사
0016	마구니군 기수
0017	마구니군 취악대
0018	마구니군 철갑보병
0019	마구니군 광전사
0020	마구니군 수장
0021	수마룡
0022	굶주린 수마룡
0023	수마룡 포식자
0024	수마룡 우두머리
0025	거수족 주민
0026	거수족 노예
0027	거수족 푸른전사
0028	거수족 붉은전사
0029	NA
0030	NA
0031	NA
0032	NA
0033	NA
0034	NA
0035	NA
0036	NA
0037	NA
0038	NA
0039	NA
0040	NA
0041	NA
0042	NA
0043	NA
0044	NA
0045	NA
0046	NA
0047	NA
0048	NA
0049	NA
0050	NA
0051	NA
0052	NA
0053	NA
0054	NA
0055	NA
0056	NA
0057	NA
0058	NA
0059	NA
0060	NA
0061	NA
0062	NA
0063	NA
0064	NA
0065	NA
0066	NA
0067	NA
0068	NA
0069	NA
0070	NA
0071	NA
0072	NA
0073	NA
0074	NA
0075	NA
0076	NA
0077	NA
0078	NA
0079	NA
0080	NA
0081	NA
0082	NA
0083	NA
0084	NA
0085	NA
0086	NA
0087	NA
0088	NA
0089	NA
0090	NA
0091	NA
0092	NA
0093	NA
0094	NA
0095	NA
0096	NA
0097	NA
0098	NA
0099	NA
0100	NA
0101	NA
0102	NA
0103	NA
0104	NA
0105	NA
0106	NA
0107	NA
0108	NA
0109	NA
0110	NA
0111	NA
0112	NA
0113	NA
0114	NA
0115	NA
0116	NA
0117	NA
0118	NA
0119	NA
0120	NA
0121	NA
0122	NA
0123	NA
0124	NA
0125	NA
0126	NA
0127	NA
0128	NA
0129	NA
0130	NA
0131	NA
0132	NA
0133	NA
0134	NA
0135	NA
0136	NA
0137	NA
0138	NA
0139	NA
0140	NA
0141	NA
0142	NA
0143	NA
0144	NA
0145	NA
0146	NA
0147	NA
0148	NA
0149	NA
0150	NA
0151	NA
0152	NA
0153	NA
0154	NA
0155	NA
0156	NA
0157	NA
0158	NA
0159	NA
0160	NA
0161	NA
0162	NA
0163	NA
0164	NA
0165	NA
0166	NA
0167	NA
0168	NA
0169	NA
0170	NA
0171	NA
0172	NA
0173	NA
0174	NA
0175	NA
0176	NA
0177	NA
0178	NA
0179	NA
0180	NA
0181	NA
0182	NA
0183	NA
0184	NA
0185	NA
0186	NA
0187	NA
0188	NA
0189	NA
0190	NA
0191	NA
0192	NA
0193	NA
0194	NA
0195	NA
0196	NA
0197	NA
0198	NA
0199	NA
0200	NA
0201	NA
0202	NA
0203	NA
0204	NA
0205	NA
0206	NA
0207	NA
0208	NA
0209	NA
0210	NA
0211	NA
0212	NA
0213	NA
0214	NA
0215	NA
0216	NA
0217	NA
0218	NA
0219	NA
0220	NA
0221	NA
0222	NA
0223	NA
0224	NA
0225	NA
0226	NA
0227	NA
0228	NA
0229	NA
0230	NA
0231	NA
0232	NA
0233	NA
0234	NA
0235	NA
0236	NA
0237	NA
0238	NA
0239	NA
0240	NA
0241	NA
0242	NA
0243	NA
0244	NA
0245	NA
0246	NA
0247	NA
0248	NA
0249	NA
0250	NA
0251	NA
0252	NA
0253	NA
0254	NA
0255	NA
0256	짧은 철제검
0257	짧은 강철검
0258	강철단검
0259	철제검
0260	철제적혈검
0261	사사을 갑주
0262	사사을 투구
0263	사사을 장갑
0264	사사을 신발
0265	사사을용 하의
0266	경번갑
0267	경번갑 투구
0268	경번갑 장갑
0269	경번갑 신발
0270	경번갑용 하의
0271	판갑
0272	판갑 투구
0273	판갑 장갑
0274	판갑 신발
0275	판갑용 하의
0276	강철대검
0277	박달나무 목궁
0278	참나무 목궁
0279	참나무 대목궁
0280	연 각궁
0281	연황각궁
0282	강 각궁
0283	소형 철제방패
0284	중형 철제방패
0285	중형 강철방패
0286	자모전
0287	가죽갑옷
0288	가죽갑옷용 두건
0289	가죽갑옷 장갑
0290	가죽갑옷 신발
0291	가죽갑옷용 하의
0292	두정피갑
0293	두정피갑용 두건
0294	두정피갑 장갑
0295	두정피갑 신발
0296	두정피갑용 하의
0297	쇠자갑
0298	쇠자갑용 두건
0299	쇠자갑 장갑
0300	쇠자갑 신발
0301	쇠자갑용 하의
0302	소형회복제
0303	중형회복제
0304	철갑
0305	철갑 투구
0306	철갑 장갑
0307	철갑 신발
0308	철갑용 하의
0309	두석린 갑주
0310	두석린 갑주용 두건
0311	두석린 장갑
0312	두석린 신발
0313	두석린 갑주용 하의
0314	강철검
0315	적아강철대도
0316	풀잎무늬 강철대도
0317	수우 연 각궁
0318	수우 강 각궁
0319	태운 강 각궁
0320	단조식 소형 철제방패
0321	단조식 중형 철제방패
0322	주조식 중형 철제방패
0323	단조식 중형 강철방패
0324	주조식 중형 강철방패
0325	명주 학창의
0326	명주 학창의 머리장식
0327	명주 학창의 장갑
0328	명주 학창의 신발
0329	명주 학창의용 하의
0330	비단 학창의
0331	비단 학창의 머리장식
0332	비단 학창의 장갑
0333	비단 학창의 신발
0334	비단 학창의용 하의
0335	명주 소창의
0336	명주 소창의 머리장식
0337	명주 소창의 장갑
0338	명주 소창의 신발
0339	명주 소창의용 하의
0340	비단 소창의
0341	비단 소창의 머리장식
0342	비단 소창의 장갑
0343	비단 소창의 신발
0344	비단 소창의용 하의
0345	대나무 지팡이
0346	참나무 지팡이
0347	참나무 화엽 지팡이
0348	철제 지팡이
0349	철제 적모 지팡이
0350	방추형 철제 지팡이
0351	환두 지팡이
0352	연화환두 지팡이
0353	화뢰환두 지팡이
0354	NA
0355	NA
0356	NA
0357	NA
0358	NA
0359	NA
0360	NA
0361	NA
0362	NA
0363	NA
0364	NA
0365	NA
0366	NA
0367	NA
0368	NA
0369	NA
0370	NA
0371	NA
0372	NA
0373	NA
0374	NA
0375	NA
0376	NA
0377	NA
0378	NA
0379	NA
0380	NA
0381	NA
0382	NA
0383	NA
0384	NA
0385	NA
0386	NA
0387	NA
0388	NA
0389	NA
0390	NA
0391	NA
0392	NA
0393	NA
0394	NA
0395	NA
0396	NA
0397	NA
0398	NA
0399	NA
0400	NA
0401	NA
0402	NA
0403	NA
0404	NA
0405	NA
0406	NA
0407	NA
0408	NA
0409	NA
0410	NA
0411	NA
0412	NA
0413	NA
0414	NA
0415	NA
0416	NA
0417	NA
0418	NA
0419	NA
0420	NA
0421	NA
0422	NA
0423	NA
0424	NA
0425	NA
0426	NA
0427	NA
0428	NA
0429	NA
0430	NA
0431	NA
0432	NA
0433	NA
0434	NA
0435	NA
0436	NA
0437	NA
0438	NA
0439	NA
0440	NA
0441	NA
0442	NA
0443	NA
0444	NA
0445	NA
0446	NA
0447	NA
0448	NA
0449	NA
0450	NA
0451	NA
0452	NA
0453	NA
0454	NA
0455	NA
0456	NA
0457	NA
0458	NA
0459	NA
0460	NA
0461	NA
0462	NA
0463	NA
0464	NA
0465	NA
0466	NA
0467	NA
0468	NA
0469	NA
0470	NA
0471	NA
0472	NA
0473	NA
0474	NA
0475	NA
0476	NA
0477	NA
0478	NA
0479	NA
0480	NA
0481	NA
0482	NA
0483	NA
0484	NA
0485	NA
0486	NA
0487	NA
0488	NA
0489	NA
0490	NA
0491	NA
0492	NA
0493	NA
0494	NA
0495	NA
0496	NA
0497	NA
0498	NA
0499	NA
0500	NA
0501	NA
0502	NA
0503	NA
0504	NA
0505	NA
0506	NA
0507	NA
0508	NA
0509	NA
0510	NA
0511	NA
0512	NA
0513	NA
0514	NA
0515	NA
0516	NA
0517	NA
0518	NA
0519	NA
0520	NA
0521	NA
0522	NA
0523	NA
0524	NA
0525	NA
0526	NA
0527	NA
0528	NA
0529	NA
0530	NA
0531	NA
0532	NA
0533	NA
0534	NA
0535	NA
0536	NA
0537	NA
0538	NA
0539	NA
0540	NA
0541	NA
0542	NA
0543	NA
0544	NA
0545	NA
0546	NA
0547	NA
0548	NA
0549	NA
0550	NA
0551	NA
0552	NA
0553	NA
0554	NA
0555	NA
0556	NA
0557	NA
0558	NA
0559	NA
0560	NA
0561	NA
0562	NA
0563	NA
0564	NA
0565	NA
0566	NA
0567	NA
0568	NA
0569	NA
0570	NA
0571	NA
0572	NA
0573	NA
0574	NA
0575	NA
0576	NA
0577	NA
0578	NA
0579	NA
0580	NA
0581	NA
0582	NA
0583	NA
0584	NA
0585	NA
0586	NA
0587	NA
0588	NA
0589	NA
0590	NA
0591	NA
0592	NA
0593	NA
0594	NA
0595	NA
0596	NA
0597	NA
0598	NA
0599	NA
0600	NA
0601	NA
0602	NA
0603	NA
0604	NA
0605	NA
0606	NA
0607	NA
0608	NA
0609	NA
0610	NA
0611	NA
0612	NA
0613	NA
0614	NA
0615	NA
0616	NA
0617	NA
0618	NA
0619	NA
0620	NA
0621	NA
0622	NA
0623	NA
0624	NA
0625	NA
0626	NA
0627	NA
0628	NA
0629	NA
0630	NA
0631	NA
0632	NA
0633	NA
0634	NA
0635	NA
0636	NA
0637	NA
0638	NA
0639	NA
0640	NA
0641	NA
0642	NA
0643	NA
0644	NA
0645	NA
0646	NA
0647	NA
0648	NA
0649	NA
0650	NA
0651	NA
0652	NA
0653	NA
0654	NA
0655	NA
0656	NA
0657	NA
0658	NA
0659	NA
0660	NA
0661	NA
0662	NA
0663	NA
0664	NA
0665	NA
0666	NA
0667	NA
0668	NA
0669	NA
0670	NA
0671	NA
0672	NA
0673	NA
0674	NA
0675	NA
0676	NA
0677	NA
0678	NA
0679	NA
0680	NA
0681	NA
0682	NA
0683	NA
0684	NA
0685	NA
0686	NA
0687	NA
0688	NA
0689	NA
0690	NA
0691	NA
0692	NA
0693	NA
0694	NA
0695	NA
0696	NA
0697	NA
0698	NA
0699	NA
0700	NA
0701	NA
0702	NA
0703	NA
0704	NA
0705	NA
0706	NA
0707	NA
0708	NA
0709	NA
0710	NA
0711	NA
0712	NA
0713	NA
0714	NA
0715	NA
0716	NA
0717	NA
0718	NA
0719	NA
0720	NA
0721	NA
0722	NA
0723	NA
0724	NA
0725	NA
0726	NA
0727	NA
0728	NA
0729	NA
0730	NA
0731	NA
0732	NA
0733	NA
0734	NA
0735	NA
0736	NA
0737	NA
0738	NA
0739	NA
0740	NA
0741	NA
0742	NA
0743	NA
0744	NA
0745	NA
0746	NA
0747	NA
0748	NA
0749	NA
0750	NA
0751	NA
0752	NA
0753	NA
0754	NA
0755	NA
0756	NA
0757	NA
0758	NA
0759	NA
0760	NA
0761	NA
0762	NA
0763	NA
0764	NA
0765	NA
0766	NA
0767	NA
0768	NA
0769	NA
0770	NA
0771	NA
0772	NA
0773	NA
0774	NA
0775	NA
0776	NA
0777	NA
0778	NA
0779	NA
0780	NA
0781	NA
0782	NA
0783	NA
0784	NA
0785	NA
0786	NA
0787	NA
0788	NA
0789	NA
0790	NA
0791	NA
0792	NA
0793	NA
0794	NA
0795	NA
0796	NA
0797	NA
0798	NA
0799	NA
0800	NA
0801	NA
0802	NA
0803	NA
0804	NA
0805	NA
0806	NA
0807	NA
0808	NA
0809	NA
0810	NA
0811	NA
0812	NA
0813	NA
0814	NA
0815	NA
0816	NA
0817	NA
0818	NA
0819	NA
0820	NA
0821	NA
0822	NA
0823	NA
0824	NA
0825	NA
0826	NA
0827	NA
0828	NA
0829	NA
0830	NA
0831	NA
0832	NA
0833	NA
0834	NA
0835	NA
0836	NA
0837	NA
0838	NA
0839	NA
0840	NA
0841	NA
0842	NA
0843	NA
0844	NA
0845	NA
0846	NA
0847	NA
0848	NA
0849	NA
0850	NA
0851	NA
0852	NA
0853	NA
0854	NA
0855	NA
0856	NA
0857	NA
0858	NA
0859	NA
0860	NA
0861	NA
0862	NA
0863	NA
0864	NA
0865	NA
0866	NA
0867	NA
0868	NA
0869	NA
0870	NA
0871	NA
0872	NA
0873	NA
0874	NA
0875	NA
0876	NA
0877	NA
0878	NA
0879	NA
0880	NA
0881	NA
0882	NA
0883	NA
0884	NA
0885	NA
0886	NA
0887	NA
0888	NA
0889	NA
0890	NA
0891	NA
0892	NA
0893	NA
0894	NA
0895	NA
0896	NA
0897	NA
0898	NA
0899	NA
0900	/자결
0901	/귓말
0902	NA
0903	NA
0904	NA
0905	NA
0906	NA
0907	NA
0908	NA
0909	NA
0910	NA
0911	NA
0912	NA
0913	NA
0914	NA
0915	NA
0916	NA
0917	NA
0918	NA
0919	NA
0920	NA
0921	NA
0922	NA
0923	NA
0924	NA
0925	NA
0926	NA
0927	NA
0928	NA
0929	NA
0930	NA
0931	NA
0932	NA
0933	NA
0934	NA
0935	NA
0936	NA
0937	NA
0938	NA
0939	NA
0940	NA
0941	NA
0942	NA
0943	NA
0944	NA
0945	NA
0946	NA
0947	NA
0948	NA
0949	NA
0950	NA
0951	NA
0952	NA
0953	NA
0954	NA
0955	NA
0956	NA
0957	NA
0958	NA
0959	NA
0960	NA
0961	NA
0962	NA
0963	NA
0964	NA
0965	NA
0966	NA
0967	NA
0968	NA
0969	NA
0970	NA
0971	NA
0972	NA
0973	NA
0974	NA
0975	NA
0976	NA
0977	NA
0978	NA
0979	NA
0980	NA
0981	NA
0982	NA
0983	NA
0984	NA
0985	NA
0986	NA
0987	NA
0988	NA
0989	NA
0990	NA
0991	NA
0992	NA
0993	NA
0994	NA
0995	NA
0996	NA
0997	NA
0998	NA
0999	NA
1000	NA
1001	NA
1002	NA
1003	NA
1004	NA
1005	NA
1006	NA
1007	NA
1008	NA
1009	NA
1010	NA
1011	NA
1012	NA
1013	NA
1014	NA
1015	NA
1016	NA
1017	NA
1018	NA
1019	NA
1020	NA
1021	NA
1022	NA
1023	NA
1024	NA
1025	NA
1026	NA
1027	NA
1028	NA
1029	NA
1030	NA
1031	NA
1032	NA
1033	NA
1034	NA
1035	NA
1036	NA
1037	NA
1038	NA
1039	NA
1040	NA
1041	NA
1042	NA
1043	NA
1044	NA
1045	NA
1046	NA
1047	NA
1048	NA
1049	NA
1050	NA
1051	NA
1052	NA
1053	NA
1054	NA
1055	NA
1056	NA
1057	NA
1058	NA
1059	NA
1060	NA
1061	NA
1062	NA
1063	NA
1064	NA
1065	NA
1066	NA
1067	NA
1068	NA
1069	NA
1070	NA
1071	NA
1072	NA
1073	NA
1074	NA